0.288892
0.037873
0.041825
0.022522
0.048684
0.050139
0.055642
0.055736
0.028593
0.023640
0.029694
0.021996
0.047928
0.021356
0.052121
0.023142
0.026558
0.034731
0.027526
0.021052
0.023045
0.020741
0.017546
0.062269
0.024511
0.032561
0.036888
0.045286
0.035352
0.032668
0.040207
0.021638
0.035588
0.044103
0.041194
0.041600
0.017647
0.035281
0.015292
0.048117
0.066126
0.020405
0.034562
0.034555
0.027756
0.067974
0.053826
0.058952
0.034279
0.038136
0.061871
0.023909
0.012948
0.028506
0.015310
0.052593
0.064167
0.020148
0.021096
0.011745
0.008251
0.010369
0.008011
0.035603
0.049205
0.052386
0.030670
0.027897
0.024305
0.041130
0.057219
0.020769
0.036863
0.027374
0.024912
0.024859
0.012519
0.021505
0.031626
0.026820
0.051742
0.045071
0.059025
0.057591
0.054588
0.021786
0.023140
0.023192
0.026850
0.018495
0.031761
0.038321
0.013710
0.051759
0.069750
0.033063
0.023691
0.034880
0.011766
0.014100
0.025558
0.044344
0.022213
0.022212
0.021959
0.030932
0.055785
0.029133
0.020581
0.027014
0.020452
0.016663
0.039730
0.020293
0.034270
0.044877
0.031931
0.047580
0.034381
0.033767
0.053723
0.050836
0.029779
0.061249
0.035523
0.026444
0.022042
0.021044
0.033946
0.041497
0.027909
0.011844
0.012497
0.046071
0.048358
0.027943
0.047031
0.035114
0.027891
0.021394
0.028851
0.038708
0.050648
0.048625
0.030398
0.054461
0.020875
0.046564
0.048052
0.028221
0.032441
0.042152
0.030157
0.041044
0.020685
0.054779
0.046623
0.034260
0.027717
0.055766
0.035847
0.028993
0.020283
0.032085
0.022029
0.027702
0.021682
0.010340
0.023892
0.024230
0.052191
0.033457
0.015230
0.039838
0.058336
0.067005
0.060573
0.032017
0.041863
0.013309
0.023773
0.008046
0.008687
0.008143
0.007912
0.007415
0.024728
0.024689
0.027942
0.029756
0.052255
0.041013
0.030771
0.054778
0.031894
0.023867
0.009284
0.023090
0.049553
0.064492
0.042109
0.049961
0.071397
0.022074
0.020471
0.022175
0.024241
0.020273
0.031680
0.037454
0.020733
0.038812
0.039656
0.030403
0.045058
0.032450
0.055359
0.029676
0.045628
0.042854
0.025212
0.021218
0.031604
0.026676
0.039676
0.020565
0.040786
0.019585
0.051142
0.037028
0.032414
0.028109
0.012072
0.026325
0.048992
0.031911
0.024245
0.012077
0.012811
0.009225
0.015595
0.008673
0.023081
0.023341
0.055970
0.071645
0.030909
0.023020
0.033942
0.064476
0.065520
0.019582
0.040727
0.012509
0.057498
0.029940
0.014073
0.011272
0.047700
0.067496
0.025545
0.014966
0.009094
0.009548
0.010255
0.012765
0.036307
0.022686
0.062465
0.023988
0.033307
0.044169
0.026055
0.023513
0.034203
0.025332
0.036912
0.072431
0.032955
0.038946
0.018404
0.040068
0.059054
0.028879
0.031285
0.024479
0.072011
0.069656
0.043396
0.042658
0.041640
0.044514
0.026149
0.065733
0.025371
0.036575
0.015691
0.043884
0.073524
0.034467
0.076214
0.034671
0.042590
0.084617
0.036253
0.054280
0.084383
0.028310
0.034495
0.031983
0.065014
0.025625
0.021340
0.029686
0.029777
0.066619
0.028348
0.073234
0.053289
0.038757
0.040295
0.043423
0.058966
0.034194
0.036485
0.035173
0.043185
0.018167
0.048099
0.028733
0.069722
0.037170
0.058973
0.039485
0.041571
0.056849
0.039558
0.033012
0.064576
0.026648
0.029998
0.059111
0.064906
0.064088
0.077252
0.034970
0.030894
0.059240
0.058110
0.028120
0.029911
0.063418
0.038393
0.078581
0.045741
0.074353
0.043831
0.057247
0.033881
0.019631
0.066355
0.026844
0.030108
0.060251
0.027159
0.029759
0.028665
0.029009
0.015905
0.059745
0.068928
0.072848
0.046952
0.020677
0.051744
0.024109
0.021873
0.047451
0.029766
0.031337
0.019600
0.038293
0.033227
0.017295
0.036829
0.039399
0.031889
0.045460
0.031893
0.030232
0.035353
0.063489
0.038002
0.067148
0.054652
0.023643
0.027012
0.032887
0.020224
0.042940
0.023689
0.029045
0.023180
0.029192
0.028144
0.026936
0.064292
0.025324
0.057042
0.035216
0.037803
0.059058
0.030601
0.020502
0.054418
0.024238
0.025991
0.028097
0.050528
0.022649
0.072381
0.034605
0.074561
0.045266
0.072369
0.061084
0.063174
0.034692
0.073767
0.043232
0.050858
0.038237
0.029725
0.018364
0.036623
0.047912
0.017574
0.055360
0.052905
0.018825
0.046044
0.061567
0.073252
0.038294
0.032899
0.029092
0.030722
0.031140
0.061079
0.037665
0.076981
0.033413
0.036034
0.012025
0.069631
0.039058
0.025065
0.032410
0.069817
0.038249
0.059474
0.028883
0.070327
0.056057
0.035536
0.043800
0.020850
0.032422
0.061060
0.026805
0.052555
0.036104
0.038290
0.027220
0.026529
0.030213
0.027000
0.014220
0.038626
0.061390
0.030876
0.012028
0.029743
0.028249
0.073153
0.023300
0.022976
0.028598
0.026045
0.025944
0.023884
0.038859
0.030075
0.058007
0.030298
0.070031
0.020703
0.058614
0.022218
0.069906
0.028533
0.027820
0.029671
0.068232
0.029974
0.044103
0.037728
0.073771
0.030084
0.070062
0.020261
0.031949
0.041109
0.046945
0.022333
0.045587
0.065212
0.040451
0.040327
0.045175
0.021024
0.021077
0.054942
0.054786
0.066142
0.022247
0.021244
0.043122
0.031061
0.047185
0.024038
0.044089
0.030973
0.064109
0.047311
0.030461
0.038506
0.036567
0.013550
0.007946
0.008648
0.017451
0.060535
0.043582
0.020113
0.029646
0.017653
0.017694
0.009557
0.008221
0.008445
0.024287
0.025348
0.031337
0.056954
0.042314
0.029730
0.025765
0.067758
0.034315
0.013246
0.024930
0.048285
0.048043
0.023096
0.035560
0.047004
0.028875
0.020801
0.019579
0.020388
0.017308
0.058134
0.028394
0.062308
0.030131
0.039216
0.032092
0.059802
0.032096
0.077539
0.032205
0.073328
0.066044
0.042623
0.022013
0.021951
0.029807
0.022190
0.022123
0.020791
0.030436
0.055886
0.028046
0.038214
0.039220
0.041920
0.061052
0.063319
0.031651
0.014710
0.048450
0.037593
0.031095
0.058745
0.032397
0.034307
0.050896
0.030542
0.058705
0.039100
0.026047
0.030359
0.035458
0.035129
0.069137
0.070072
0.041910
0.049530
0.071297
0.066180
0.018585
0.037760
0.060275
0.068163
0.046654
0.070771
0.047546
0.064825
0.065228
0.067816
0.085759
0.040663
0.044101
0.048310
0.037763
0.046958
0.022293
0.042503
0.028014
0.076486
0.043826
0.036874
0.076041
0.068355
0.070735
0.067175
0.070516
0.033629
0.044247
0.039757
0.064932
0.033030
0.032750
0.068836
0.028552
0.064450
0.035009
0.043540
0.045027
0.021509
0.067665
0.024425
0.023269
0.048049
0.074557
0.023362
0.023150
0.009299
0.060230
0.064474
0.039822
0.029323
0.072737
0.023855
0.020919
0.022153
0.049453
0.024079
0.020169
0.022656
0.012433
0.010956
0.040373
0.030828
0.038855
0.035134
0.066053
0.024243
0.026396
0.024600
0.031350
0.026989
0.040529
0.056463
0.038977
0.087594
0.031727
0.071603
0.024286
0.065887
0.022782
0.026564
0.071033
0.035434
0.052402
0.044106
0.026400
0.046855
0.050665
0.063435
0.038341
0.045593
0.026004
0.026875
0.028625
0.035067
0.035963
0.023769
0.037832
0.040849
0.016264
0.010044
0.013140
0.015583
0.041026
0.034495
0.063673
0.034158
0.042380
0.018125
0.038280
0.067678
0.051461
0.026149
0.038373
0.010612
0.009317
0.024804
0.026513
0.038690
0.033446
0.028547
0.042059
0.028496
0.069062
0.024879
0.029181
0.026803
0.023436
0.057308
0.022123
0.019374
0.020113
0.058510
0.030845
0.018342
0.011749
0.063296
0.029511
0.052617
0.074616
0.023019
0.031208
0.014078
0.060240
0.024044
0.024170
0.033749
0.062209
0.031415
0.037572
0.029597
0.041460
0.017517
0.055619
0.034797
0.051056
0.023359
0.028573
0.029974
0.033431
0.041547
0.012254
0.047312
0.025565
0.022409
0.019871
0.022339
0.038719
0.030806
0.021344
0.011960
0.037737
0.027640
0.018842
0.041887
0.070594
0.034575
0.030996
0.020357
0.045181
0.028511
0.025923
0.063081
0.028558
0.069072
0.055693
0.043817
0.034902
0.042394
0.026397
0.021851
0.024015
0.048262
0.026249
0.058751
0.034161
0.043009
0.052118
0.018814
0.058290
0.026118
0.069417
0.028008
0.031940
0.039823
